5
1
3
4 12 4 10 0 -1
4 12 2 5 0 2
6 17 2 5 0 2
haar_x2_y2
-1.275931e-002 0 -1
6.793898e-001 -5.973123e-001 
1
2
7 0 12 9 0 -1
10 0 6 9 0 2
haar_x4
-3.556244e-002 0 -1
4.677232e-001 -2.278945e-001 
1
2
3 7 14 9 0 -1
10 7 7 9 0 2
haar_x2
1.063177e-001 0 -1
-4.739475e-001 8.316386e-001 
1
2
7 7 16 2 0 -1
7 8 16 1 0 2
haar_y2
-3.060371e-003 0 -1
-8.318161e-001 2.684479e-001 
1
2
7 0 8 9 0 -1
9 0 4 9 0 2
haar_x4
-6.523495e-003 0 -1
5.034539e-001 -6.904856e-001 
-8.491362e-001

4
-1
