5
1
2
2 12 2 6 0 -1
3 12 1 6 0 2
haar_x2
-8.194247e-004 0 -1
5.125001e-001 -6.833295e-001 
1
2
15 18 2 2 0 -1
15 19 2 1 0 2
haar_y2
-7.067573e-004 0 -1
3.404413e-001 -3.788541e-001 
1
2
8 14 8 2 0 -1
8 15 8 1 0 2
haar_y2
-8.972115e-004 0 -1
4.485073e-001 -6.392677e-001 
1
3
2 0 20 18 0 -1
12 0 10 9 0 2
2 9 10 9 0 2
haar_x2_y2
-6.719808e-002 0 -1
-9.260749e-001 3.436884e-001 
1
2
1 15 21 2 0 -1
1 16 21 1 0 2
haar_y2
-1.530372e-003 0 -1
2.469746e-001 -8.180201e-001 
-1.110788e+000

8
-1
