11
1
2
3 11 3 9 0 -1
3 14 3 3 0 3
haar_y3
-2.770949e-004 0 -1
2.780485e-001 -7.599960e-001 
1
2
17 5 6 9 0 -1
17 8 6 3 0 3
haar_y3
-2.481503e-002 0 -1
-8.558974e-001 3.473093e-002 
1
2
2 5 5 9 0 -1
2 8 5 3 0 3
haar_y3
9.681563e-003 0 -1
2.686794e-001 -7.959190e-001 
1
3
12 0 6 2 0 -1
15 0 3 1 0 2
12 1 3 1 0 2
haar_x2_y2
-2.971643e-004 0 -1
3.079107e-001 -3.870763e-001 
1
2
6 15 9 3 0 -1
9 16 3 1 0 9
haar_point
1.590830e-002 0 -1
3.091286e-001 -7.087498e-001 
1
2
5 20 15 4 0 -1
5 21 15 2 0 2
haar_y4
-5.347181e-004 0 -1
3.313487e-001 -6.152751e-001 
1
2
6 9 5 4 0 -1
6 10 5 2 0 2
haar_y4
2.737336e-005 0 -1
-6.532795e-001 3.183933e-001 
1
3
3 17 18 2 0 -1
12 17 9 1 0 2
3 18 9 1 0 2
haar_x2_y2
-1.958865e-003 0 -1
-9.678036e-001 2.382548e-001 
1
2
0 16 4 5 0 -1
2 16 2 5 0 2
haar_x2
1.415387e-002 0 -1
-2.979796e-001 9.306737e-001 
1
2
19 6 4 13 0 -1
20 6 2 13 0 2
haar_x4
-5.201967e-003 0 -1
4.811579e-001 -1.907348e-001 
1
2
1 6 4 13 0 -1
2 6 2 13 0 2
haar_x4
-6.509692e-003 0 -1
6.117994e-001 -3.951178e-001 
-8.180159e-001

19
-1
