9
1
2
9 15 1 2 0 -1
9 16 1 1 0 2
haar_y2
-1.470332e-004 0 -1
3.987732e-001 -5.555527e-001 
1
2
12 2 1 6 0 -1
12 2 1 3 0 2
tilted_haar_x2
5.625092e-003 0 -1
4.107940e-002 -7.044588e-001 
1
2
12 2 6 1 0 -1
12 2 3 1 0 2
tilted_haar_x2
-4.301598e-003 0 -1
3.349620e-001 -6.895661e-001 
1
3
5 15 18 2 0 -1
14 15 9 1 0 2
5 16 9 1 0 2
haar_x2_y2
3.319694e-003 0 -1
2.361161e-002 -1.000001e+000 
1
3
1 15 18 2 0 -1
1 15 9 1 0 2
10 16 9 1 0 2
haar_x2_y2
1.359452e-003 0 -1
2.476625e-001 -8.925114e-001 
1
2
16 7 3 12 0 -1
16 11 3 4 0 3
haar_y3
8.048804e-003 0 -1
-3.613193e-001 4.630053e-001 
1
2
7 0 10 3 0 -1
6 1 10 1 0 3
tilted_haar_y3
3.442015e-003 0 -1
-4.569637e-001 6.212755e-001 
1
3
20 6 4 18 0 -1
22 6 2 9 0 2
20 15 2 9 0 2
haar_x2_y2
1.566505e-002 0 -1
-2.507206e-001 5.714922e-001 
1
2
4 5 3 4 0 -1
4 6 3 2 0 2
haar_y4
1.121910e-003 0 -1
3.320872e-001 -9.657736e-001 
-9.610028e-001

14
-1
