5
1
3
3 12 6 12 0 -1
3 12 3 6 0 2
6 18 3 6 0 2
haar_x2_y2
-1.253795e-002 0 -1
6.993464e-001 -8.425145e-001 
1
3
11 1 10 14 0 -1
16 1 5 7 0 2
11 8 5 7 0 2
haar_x2_y2
8.028744e-003 0 -1
-8.257083e-001 3.910139e-001 
1
2
12 1 8 4 0 -1
12 1 4 4 0 2
tilted_haar_x2
-4.775523e-002 0 -1
8.658227e-001 -5.936592e-001 
1
3
16 9 6 12 0 -1
19 9 3 6 0 2
16 15 3 6 0 2
haar_x2_y2
-1.241007e-002 0 -1
5.562378e-001 -4.022788e-001 
1
3
3 0 10 18 0 -1
3 0 5 9 0 2
8 9 5 9 0 2
haar_x2_y2
4.249004e-003 0 -1
-9.258063e-001 5.110608e-001 
-9.363779e-001

-1
-1
