6
1
2
0 2 3 5 0 -1
1 2 1 5 0 3
haar_x3
-6.280768e-003 0 -1
7.662339e-001 -2.906396e-001 
1
3
7 5 14 6 0 -1
14 5 7 3 0 2
7 8 7 3 0 2
haar_x2_y2
2.593374e-003 0 -1
-4.461599e-001 1.965949e-001 
1
3
0 3 22 10 0 -1
0 3 11 5 0 2
11 8 11 5 0 2
haar_x2_y2
-1.908395e-002 0 -1
-7.538344e-001 2.904411e-001 
1
2
18 5 2 9 0 -1
18 8 2 3 0 3
haar_y3
1.138287e-002 0 -1
6.952013e-002 -9.999969e-001 
1
2
4 5 2 9 0 -1
4 8 2 3 0 3
haar_y3
-5.054107e-004 0 -1
-8.093543e-001 2.507361e-001 
1
2
13 20 8 3 0 -1
13 21 8 1 0 3
haar_y3
1.426280e-003 0 -1
9.115521e-002 -8.506868e-001 
-4.522826e-001

17
-1
