9
1
2
4 3 1 12 0 -1
4 9 1 6 0 2
haar_y2
-7.813303e-004 0 -1
3.229165e-001 -7.045418e-001 
1
2
20 2 1 4 0 -1
20 3 1 2 0 2
haar_y4
-3.179851e-004 0 -1
-5.719296e-001 1.170616e-001 
1
2
9 5 6 16 0 -1
9 9 6 8 0 2
haar_y4
1.877661e-002 0 -1
-6.507227e-001 3.850408e-001 
1
2
21 13 1 9 0 -1
21 16 1 3 0 3
haar_y3
2.356750e-003 0 -1
9.264822e-002 -5.548182e-001 
1
2
2 13 1 9 0 -1
2 16 1 3 0 3
haar_y3
-8.095759e-004 0 -1
-7.904863e-001 3.558050e-001 
1
2
16 0 7 3 0 -1
16 1 7 1 0 3
haar_y3
-1.659041e-003 0 -1
-8.862842e-001 1.277321e-001 
1
2
5 3 3 9 0 -1
6 3 1 9 0 3
haar_x3
2.664828e-005 0 -1
-5.216880e-001 4.974336e-001 
1
2
16 0 6 9 0 -1
13 3 6 3 0 3
tilted_haar_x3
-1.501556e-001 0 -1
-8.025371e-001 -1.916237e-002 
1
2
1 0 7 3 0 -1
1 1 7 1 0 3
haar_y3
1.360781e-003 0 -1
3.286183e-001 -8.206745e-001 
-9.847775e-001

23
-1
