5
1
2
8 17 3 4 0 -1
8 19 3 2 0 2
haar_y2
-2.819863e-003 0 -1
4.512197e-001 -6.379277e-001 
1
2
19 7 2 12 0 -1
19 11 2 4 0 3
haar_y3
-1.365779e-003 0 -1
3.817971e-001 -4.834271e-001 
1
3
2 15 20 8 0 -1
2 15 10 4 0 2
12 19 10 4 0 2
haar_x2_y2
-2.893767e-002 0 -1
-1.000000e+000 2.490959e-001 
1
2
17 20 1 2 0 -1
17 21 1 1 0 2
haar_y2
4.321448e-005 0 -1
-4.374926e-001 3.975817e-001 
1
2
1 7 5 12 0 -1
1 11 5 4 0 3
haar_y3
4.054723e-005 0 -1
4.431608e-001 -7.205724e-001 
-9.411766e-001

12
-1
