6
1
2
2 12 9 4 0 -1
2 14 9 2 0 2
haar_y2
-2.776221e-003 0 -1
4.850300e-001 -7.168102e-001 
1
2
18 11 3 9 0 -1
18 14 3 3 0 3
haar_y3
-1.256173e-003 0 -1
5.296091e-001 -6.316856e-001 
1
2
6 13 2 3 0 -1
5 14 2 1 0 3
tilted_haar_y3
-2.746311e-003 0 -1
5.310652e-001 -4.931675e-001 
1
2
10 17 5 3 0 -1
10 18 5 1 0 3
haar_y3
1.843577e-003 0 -1
2.554965e-001 -9.832537e-001 
1
2
11 18 1 4 0 -1
11 20 1 2 0 2
haar_y2
-4.949776e-004 0 -1
3.069304e-001 -7.526218e-001 
1
2
11 6 3 9 0 -1
12 6 1 9 0 3
haar_x3
4.161221e-003 0 -1
5.393855e-002 -6.836907e-001 
-1.225298e+000

10
-1
