5
1
2
2 22 20 2 0 -1
7 22 10 2 0 2
haar_x4
-1.986185e-002 0 -1
5.555558e-001 -6.692876e-001 
1
2
12 2 3 6 0 -1
12 2 3 3 0 2
tilted_haar_x2
-1.006271e-002 0 -1
2.754694e-001 -3.006086e-001 
1
2
2 15 2 6 0 -1
2 17 2 2 0 3
haar_y3
-1.234561e-003 0 -1
-9.162127e-001 3.768004e-001 
1
2
15 16 3 2 0 -1
15 17 3 1 0 2
haar_y2
-1.801962e-004 0 -1
1.734983e-001 -7.182546e-001 
1
3
3 6 8 2 0 -1
3 6 4 1 0 2
7 7 4 1 0 2
haar_x2_y2
-5.224610e-004 0 -1
-8.636299e-001 3.811297e-001 
-9.302207e-001

3
-1
