7
1
3
4 17 6 4 0 -1
4 17 3 2 0 2
7 19 3 2 0 2
haar_x2_y2
-2.341150e-003 0 -1
4.730539e-001 -6.991112e-001 
1
2
7 7 16 6 0 -1
7 9 16 2 0 3
haar_y3
6.012931e-003 0 -1
-3.370140e-001 3.103607e-001 
1
2
10 20 4 2 0 -1
10 21 4 1 0 2
haar_y2
-6.792218e-004 0 -1
4.360682e-001 -5.839798e-001 
1
2
18 6 4 12 0 -1
18 10 4 4 0 3
haar_y3
1.454134e-002 0 -1
3.627163e-001 -7.356030e-001 
1
2
0 2 4 6 0 -1
1 2 2 6 0 2
haar_x4
-4.803031e-003 0 -1
5.897933e-001 -4.900010e-001 
1
2
17 18 3 2 0 -1
17 18 3 1 0 2
tilted_haar_x2
-9.458787e-004 0 -1
-8.229712e-001 1.485795e-001 
1
3
5 3 8 6 0 -1
5 3 4 3 0 2
9 6 4 3 0 2
haar_x2_y2
5.459554e-003 0 -1
-5.899035e-001 4.710051e-001 
-1.168666e+000

9
-1
