8
1
2
11 20 2 4 0 -1
11 22 2 2 0 2
haar_y2
-2.933658e-003 0 -1
6.774198e-001 -3.368974e-001 
1
2
13 0 9 6 0 -1
16 0 3 6 0 3
haar_x3
8.395309e-003 0 -1
-3.932927e-001 2.675577e-001 
1
2
3 14 2 9 0 -1
4 14 1 9 0 2
haar_x2
-7.009972e-004 0 -1
3.024169e-001 -6.772498e-001 
1
2
6 18 13 6 0 -1
6 20 13 2 0 3
haar_y3
-1.085914e-002 0 -1
4.859171e-001 -3.545346e-001 
1
2
2 1 1 2 0 -1
2 1 1 1 0 2
tilted_haar_y2
-2.216219e-003 0 -1
6.490586e-001 -3.672891e-001 
1
2
14 2 10 22 0 -1
14 13 10 11 0 2
haar_y2
5.764811e-002 0 -1
9.956509e-002 -9.999999e-001 
1
2
11 3 12 4 0 -1
10 4 12 2 0 2
tilted_haar_y4
4.460782e-003 0 -1
-4.967801e-001 5.546717e-001 
1
2
16 6 6 16 0 -1
16 14 6 8 0 2
haar_y2
-1.334071e-001 0 -1
-1.000000e+000 5.493376e-002 
-8.310277e-001

22
-1
