7
1
2
3 10 1 10 0 -1
3 15 1 5 0 2
haar_y2
8.261576e-005 0 -1
-5.748039e-001 4.771220e-001 
1
2
4 18 18 4 0 -1
4 19 18 2 0 2
haar_y4
3.021318e-003 0 -1
2.572660e-001 -8.499083e-001 
1
3
2 2 20 22 0 -1
2 2 10 11 0 2
12 13 10 11 0 2
haar_x2_y2
-7.790583e-002 0 -1
-8.206468e-001 3.142651e-001 
1
2
12 1 2 8 0 -1
12 1 2 4 0 2
tilted_haar_x2
2.688744e-002 0 -1
-1.294022e-002 -9.479488e-001 
1
3
2 0 14 12 0 -1
2 0 7 6 0 2
9 6 7 6 0 2
haar_x2_y2
2.499600e-002 0 -1
-5.729395e-001 4.493937e-001 
1
3
8 14 8 8 0 -1
12 14 4 4 0 2
8 18 4 4 0 2
haar_x2_y2
-7.076524e-003 0 -1
-7.067546e-001 3.745172e-001 
1
2
2 13 5 6 0 -1
2 15 5 2 0 3
haar_y3
1.649475e-003 0 -1
2.202067e-001 -8.690461e-001 
-1.129341e+000

11
-1
