8
1
2
2 9 6 13 0 -1
4 9 2 13 0 3
haar_x3
-7.304952e-003 0 -1
3.296089e-001 -5.841553e-001 
1
2
16 1 7 2 0 -1
16 2 7 1 0 2
haar_y2
1.107085e-003 0 -1
1.643293e-001 -7.676140e-001 
1
2
5 18 4 2 0 -1
6 19 2 2 0 2
tilted_haar_x4
-3.888189e-003 0 -1
-9.715111e-001 2.236368e-001 
1
2
21 2 3 13 0 -1
22 2 1 13 0 3
haar_x3
1.267927e-002 0 -1
-2.642929e-001 8.573524e-001 
1
2
0 2 3 13 0 -1
1 2 1 13 0 3
haar_x3
-8.877849e-003 0 -1
7.185480e-001 -2.637494e-001 
1
2
19 0 3 2 0 -1
19 1 3 1 0 2
haar_y2
4.541569e-004 0 -1
1.937351e-001 -5.064098e-001 
1
2
2 0 3 2 0 -1
2 1 3 1 0 2
haar_y2
-2.292801e-005 0 -1
3.908893e-001 -5.577469e-001 
1
3
3 17 18 6 0 -1
12 17 9 3 0 2
3 20 9 3 0 2
haar_x2_y2
1.336028e-002 0 -1
2.850154e-001 -8.022041e-001 
-9.418113e-001

20
-1
