5
1
2
2 22 20 1 0 -1
7 22 10 1 0 2
haar_x4
-1.220619e-002 0 -1
5.942035e-001 -5.774617e-001 
1
3
2 12 20 4 0 -1
12 12 10 2 0 2
2 14 10 2 0 2
haar_x2_y2
-7.229068e-003 0 -1
-9.278415e-001 3.443563e-001 
1
2
2 9 3 9 0 -1
2 12 3 3 0 3
haar_y3
2.813584e-003 0 -1
2.853515e-001 -8.974829e-001 
1
2
17 4 3 4 0 -1
17 5 3 2 0 2
haar_y4
1.488288e-003 0 -1
9.175877e-002 -9.241985e-001 
1
2
1 1 7 8 0 -1
1 3 7 4 0 2
haar_y4
2.322546e-003 0 -1
3.452661e-001 -8.824556e-001 
-7.940961e-001

6
-1
