11
1
2
4 12 15 4 0 -1
4 14 15 2 0 2
haar_y2
-9.933524e-003 0 -1
3.939396e-001 -5.652145e-001 
1
2
21 3 3 1 0 -1
22 3 1 1 0 3
haar_x3
-9.995445e-004 0 -1
5.583067e-001 -2.069416e-001 
1
3
5 0 14 24 0 -1
5 0 7 12 0 2
12 12 7 12 0 2
haar_x2_y2
7.470641e-002 0 -1
2.141518e-001 -9.802319e-001 
1
2
12 16 2 6 0 -1
12 16 1 6 0 2
tilted_haar_y2
4.180620e-003 0 -1
-1.698055e-001 1.815963e-001 
1
2
12 16 6 2 0 -1
12 16 6 1 0 2
tilted_haar_y2
1.344878e-003 0 -1
-6.922920e-001 3.164177e-001 
1
2
16 1 5 10 0 -1
16 6 5 5 0 2
haar_y2
1.017991e-002 0 -1
2.578076e-001 -6.810015e-001 
1
2
0 3 3 1 0 -1
1 3 1 1 0 3
haar_x3
-2.168070e-003 0 -1
8.968720e-001 -2.888640e-001 
1
3
4 3 20 6 0 -1
14 3 10 3 0 2
4 6 10 3 0 2
haar_x2_y2
1.224825e-002 0 -1
-1.096553e-001 2.656403e-001 
1
2
2 18 4 6 0 -1
2 20 4 2 0 3
haar_y3
-1.834748e-003 0 -1
-8.921949e-001 2.477750e-001 
1
3
4 3 20 6 0 -1
14 3 10 3 0 2
4 6 10 3 0 2
haar_x2_y2
7.708941e-002 0 -1
-3.029038e-003 -1.000001e+000 
1
3
7 20 6 4 0 -1
7 20 3 2 0 2
10 22 3 2 0 2
haar_x2_y2
-2.588023e-004 0 -1
3.035342e-001 -7.119163e-001 
-9.426328e-001

16
-1
