7
1
2
1 3 7 3 0 -1
1 4 7 1 0 3
haar_y3
9.721372e-004 0 -1
2.641507e-001 -8.235251e-001 
1
2
16 18 7 4 0 -1
16 19 7 2 0 2
haar_y4
1.147560e-003 0 -1
6.386137e-002 -7.703776e-001 
1
2
1 18 7 4 0 -1
1 19 7 2 0 2
haar_y4
2.175061e-004 0 -1
3.274838e-001 -6.804807e-001 
1
3
16 15 4 4 0 -1
18 15 2 2 0 2
16 17 2 2 0 2
haar_x2_y2
-3.008553e-003 0 -1
5.717835e-001 -4.650114e-001 
1
2
6 19 2 2 0 -1
6 19 1 2 0 2
tilted_haar_x2
1.564717e-004 0 -1
-6.650986e-001 4.248045e-001 
1
2
20 17 4 7 0 -1
20 17 2 7 0 2
haar_x2
2.532221e-002 0 -1
-1.889394e-001 4.367526e-001 
1
2
2 9 6 1 0 -1
4 11 2 1 0 3
tilted_haar_x3
-3.399895e-004 0 -1
3.439575e-001 -7.621258e-001 
-7.180487e-001

15
-1
