5
1
2
1 7 3 3 0 -1
2 7 1 3 0 3
haar_x3
-1.208038e-003 0 -1
6.000007e-001 -4.838688e-001 
1
2
8 0 8 5 0 -1
10 0 4 5 0 2
haar_x4
-6.490283e-003 0 -1
4.214144e-001 -6.765173e-001 
1
3
7 20 4 4 0 -1
7 20 2 2 0 2
9 22 2 2 0 2
haar_x2_y2
-2.061258e-003 0 -1
5.358129e-001 -4.788002e-001 
1
3
5 15 16 2 0 -1
13 15 8 1 0 2
5 16 8 1 0 2
haar_x2_y2
-5.351010e-003 0 -1
-1.000000e+000 9.596177e-002 
1
2
4 16 4 4 0 -1
4 17 4 2 0 2
haar_y4
2.675437e-004 0 -1
2.442264e-001 -8.971345e-001 
-2.843850e-001

13
-1
