9
1
2
4 22 16 2 0 -1
8 22 8 2 0 2
haar_x4
-1.551132e-002 0 -1
4.805199e-001 -5.872985e-001 
1
2
12 0 3 9 0 -1
13 1 1 9 0 3
tilted_haar_y3
-1.196621e-003 0 -1
1.503483e-001 -3.077317e-001 
1
2
1 20 9 4 0 -1
1 21 9 2 0 2
haar_y4
5.896529e-004 0 -1
3.240081e-001 -7.418632e-001 
1
2
12 0 4 11 0 -1
13 1 2 11 0 2
tilted_haar_y4
1.443275e-002 0 -1
1.321897e-002 -9.999986e-001 
1
2
6 11 11 12 0 -1
6 17 11 6 0 2
haar_y2
-1.211447e-001 0 -1
6.438512e-001 -4.471158e-001 
1
2
12 0 4 11 0 -1
13 1 2 11 0 2
tilted_haar_y4
1.443275e-002 0 -1
5.420834e-002 -9.999982e-001 
1
2
12 0 11 4 0 -1
11 1 11 2 0 2
tilted_haar_y4
-3.275460e-003 0 -1
4.904375e-001 -5.660480e-001 
1
2
21 10 1 9 0 -1
21 13 1 3 0 3
haar_y3
1.512694e-003 0 -1
1.073830e-001 -4.530778e-001 
1
2
2 10 1 9 0 -1
2 13 1 3 0 3
haar_y3
-1.315705e-003 0 -1
-9.357578e-001 3.190750e-001 
-1.090301e+000

7
-1
