6
1
2
2 16 6 8 0 -1
2 18 6 4 0 2
haar_y4
-1.665623e-003 0 -1
3.837211e-001 -6.111080e-001 
1
3
5 6 14 16 0 -1
12 6 7 8 0 2
5 14 7 8 0 2
haar_x2_y2
-4.703026e-002 0 -1
-9.171991e-001 2.049187e-001 
1
3
1 9 2 6 0 -1
1 9 1 3 0 2
2 12 1 3 0 2
haar_x2_y2
7.191926e-004 0 -1
-4.115899e-001 5.744048e-001 
1
2
10 3 12 20 0 -1
14 3 4 20 0 3
haar_x3
2.007473e-001 0 -1
6.487235e-002 -8.681406e-001 
1
2
2 3 12 20 0 -1
6 3 4 20 0 3
haar_x3
-9.130499e-002 0 -1
-8.592747e-001 2.808078e-001 
1
2
18 21 2 3 0 -1
18 22 2 1 0 3
haar_y3
-5.087769e-004 0 -1
-7.293663e-001 1.143599e-001 
-5.118269e-001

21
-1
