5
1
2
0 12 18 10 0 -1
0 17 18 5 0 2
haar_y2
-2.541397e-002 0 -1
5.081963e-001 -9.587573e-001 
1
3
17 10 4 12 0 -1
19 10 2 6 0 2
17 16 2 6 0 2
haar_x2_y2
-9.728504e-003 0 -1
5.231329e-001 -6.241343e-001 
1
3
3 13 4 6 0 -1
3 13 2 3 0 2
5 16 2 3 0 2
haar_x2_y2
-8.953167e-004 0 -1
5.195892e-001 -8.545183e-001 
1
2
12 16 2 5 0 -1
12 16 1 5 0 2
tilted_haar_y2
-5.988596e-003 0 -1
-1.000000e+000 1.318478e-002 
1
2
9 0 6 9 0 -1
11 2 2 9 0 3
tilted_haar_x3
-1.800139e-003 0 -1
5.274313e-001 -7.365777e-001 
-5.465821e-001

1
-1
