6
1
2
6 23 12 1 0 -1
9 23 6 1 0 2
haar_x4
-6.824395e-003 0 -1
5.130441e-001 -3.575743e-001 
1
2
15 18 9 6 0 -1
15 20 9 2 0 3
haar_y3
-7.930546e-004 0 -1
2.718624e-001 -3.836942e-001 
1
2
2 19 12 1 0 -1
5 19 6 1 0 2
haar_x4
-6.146395e-004 0 -1
2.650282e-001 -7.605175e-001 
1
2
4 3 17 8 0 -1
4 7 17 4 0 2
haar_y2
3.373268e-003 0 -1
-5.563403e-001 3.447921e-001 
1
2
1 18 3 1 0 -1
2 19 1 1 0 3
tilted_haar_x3
-2.002917e-003 0 -1
8.586068e-001 -3.179862e-001 
1
2
12 12 6 8 0 -1
14 12 2 8 0 3
haar_x3
6.282849e-003 0 -1
-3.078224e-001 4.025119e-001 
-7.572569e-001

18
-1
