5
1
2
5 11 2 4 0 -1
5 13 2 2 0 2
haar_y2
-3.585553e-004 0 -1
4.886362e-001 -8.269184e-001 
1
3
14 18 6 4 0 -1
17 18 3 2 0 2
14 20 3 2 0 2
haar_x2_y2
-4.719747e-003 0 -1
6.570196e-001 -5.580578e-001 
1
2
5 6 14 2 0 -1
5 6 14 1 0 2
tilted_haar_y2
2.492846e-003 0 -1
-7.874196e-001 5.088555e-001 
1
2
9 2 6 3 0 -1
11 2 2 3 0 3
haar_x3
-2.032616e-003 0 -1
5.354400e-001 -6.614110e-001 
1
2
3 15 4 6 0 -1
3 17 4 2 0 3
haar_y3
2.958077e-004 0 -1
2.910437e-001 -9.610294e-001 
-1.246488e+000

2
-1
